[[[[0.5, 0.8],
   [[275.70250129699707,
     [230, 233, 239, 281, 282, 291, 301, 305, 306, 308],
     464.81,
     <__main__.DQNAgent at 0x7f31b417dd68>],
    [973.999002456665, [], 122.06, <__main__.DQNAgent at 0x7f31b4169240>],
    [574.1878583431244,
     [248, 264, 289, 296, 315, 329, 348, 548, 552, 563],
     354.55,
     <__main__.DQNAgent at 0x7f3190a2b710>]]],
  [[0.7, 0.8],
   [[136.95601868629456,
     [184, 187, 189, 190, 204, 216, 218, 220, 232, 233],
     499.0,
     <__main__.DQNAgent at 0x7f3190943f60>],
    [147.1818516254425,
     [221, 225, 231, 233, 235, 236, 239, 240, 241, 243],
     489.04,
     <__main__.DQNAgent at 0x7f31908822b0>],
    [414.29171419143677,
     [309, 311, 313, 315, 318, 319, 326, 328, 348, 453],
     498.02,
     <__main__.DQNAgent at 0x7f3190821780>]]],
  [[0.8, 0.8],
   [[137.19284200668335,
     [263, 266, 269, 270, 273, 274, 276, 277, 279, 280],
     499.0,
     <__main__.DQNAgent at 0x7f3190775048>],
    [783.0980308055878, [], 121.3, <__main__.DQNAgent at 0x7f31908c56d8>],
    [167.03728699684143,
     [187, 195, 212, 213, 215, 218, 219, 220, 221, 222],
     499.0,
     <__main__.DQNAgent at 0x7f3190617278>]]],
  [[0.9, 0.8],
   [[482.9537675380707,
     [305, 330, 338, 386, 453, 516, 529, 555, 569, 664],
     424.3,
     <__main__.DQNAgent at 0x7f31905b6748>],
    [302.29199981689453,
     [235, 258, 271, 277, 285, 320, 346, 349, 378, 401],
     496.84,
     <__main__.DQNAgent at 0x7f31b41b81d0>],
    [142.3733766078949,
     [245, 254, 264, 266, 268, 269, 270, 272, 274, 275],
     469.57,
     <__main__.DQNAgent at 0x7f31904710f0>]]],
  [[0.95, 0.8],
   [[135.96562814712524,
     [201, 205, 206, 207, 208, 209, 210, 213, 214, 215],
     499.0,
     <__main__.DQNAgent at 0x7f31903f0d30>],
    [342.37491106987,
     [381, 383, 384, 387, 411, 429, 431, 435, 441, 452],
     420.61,
     <__main__.DQNAgent at 0x7f319030b630>],
    [923.6593773365021,
     [368, 524],
     164.87,
     <__main__.DQNAgent at 0x7f31902610f0>]]],
  [[0.98, 0.8],
   [[527.5458083152771,
     [386, 387, 397, 400, 403, 413, 420, 439, 469, 612],
     484.99,
     <__main__.DQNAgent at 0x7f31901c3cf8>],
    [173.22092485427856,
     [209, 211, 217, 223, 234, 235, 237, 238, 241, 244],
     485.82,
     <__main__.DQNAgent at 0x7f31900ff438>],
    [338.2668950557709,
     [192, 197, 203, 204, 216, 217, 226, 242, 396, 397],
     383.0,
     <__main__.DQNAgent at 0x7f31900a09e8>]]],
  [[0.985, 0.8],
   [[346.44315457344055,
     [192, 199, 250, 314, 315, 322, 323, 327, 328, 329],
     481.21,
     <__main__.DQNAgent at 0x7f31697b3eb8>],
    [311.8449921607971,
     [194, 208, 212, 215, 216, 256, 269, 291, 294, 374],
     453.5,
     <__main__.DQNAgent at 0x7f31696f12b0>],
    [277.5916123390198,
     [202, 333, 337, 339, 344, 351, 353, 356, 359, 360],
     498.23,
     <__main__.DQNAgent at 0x7f316960f860>]]],
  [[0.99, 0.8],
   [[824.484827041626,
     [279, 288, 653, 699, 725, 753, 757, 777, 786, 791],
     456.25,
     <__main__.DQNAgent at 0x7f31695abda0>],
    [232.639545917511,
     [267, 298, 299, 302, 304, 305, 307, 308, 309, 310],
     499.0,
     <__main__.DQNAgent at 0x7f31694c4b70>],
    [206.1145191192627,
     [195, 197, 231, 259, 262, 263, 265, 266, 275, 276],
     499.0,
     <__main__.DQNAgent at 0x7f3169404748>]]],
  [[0.995, 0.8],
   [[234.5325469970703,
     [260, 264, 266, 273, 275, 276, 277, 278, 294, 312],
     389.27,
     <__main__.DQNAgent at 0x7f3169359080>],
    [209.38514757156372,
     [196, 197, 225, 227, 228, 229, 230, 232, 233, 235],
     498.34,
     <__main__.DQNAgent at 0x7f31692dbcc0>],
    [276.3699760437012,
     [321, 376, 380, 384, 385, 388, 396, 398, 401, 402],
     499.0,
     <__main__.DQNAgent at 0x7f31691f95c0>]]]],
 [[[0.5, 0.85],
   [[283.8801624774933,
     [258, 287, 316, 341, 345, 350, 353, 355, 356, 360],
     456.15,
     <__main__.DQNAgent at 0x7f3169197ac8>],
    [188.2423951625824,
     [250, 251, 252, 255, 291, 292, 293, 294, 295, 299],
     499.0,
     <__main__.DQNAgent at 0x7f3169130f60>],
    [508.4187922477722,
     [364, 378, 387, 390, 410, 437, 458, 484, 492, 510],
     399.12,
     <__main__.DQNAgent at 0x7f316906e3c8>]]],
  [[0.7, 0.85],
   [[174.10551571846008,
     [216, 225, 231, 232, 234, 235, 236, 237, 240, 243],
     385.37,
     <__main__.DQNAgent at 0x7f3168f8f940>],
    [358.1630759239197,
     [379, 387, 391, 393, 401, 405, 407, 408, 411, 412],
     420.27,
     <__main__.DQNAgent at 0x7f3168f26e48>],
    [319.432071685791,
     [223, 226, 227, 231, 272, 298, 310, 321, 346, 352],
     460.85,
     <__main__.DQNAgent at 0x7f3168e46c18>]]],
  [[0.8, 0.85],
   [[264.9352831840515,
     [275, 276, 283, 288, 289, 290, 291, 292, 293, 294],
     453.0,
     <__main__.DQNAgent at 0x7f3168d86828>],
    [436.46866106987,
     [254, 291, 292, 296, 298, 378, 379, 383, 386, 418],
     457.62,
     <__main__.DQNAgent at 0x7f3168cd8128>],
    [321.1524782180786,
     [303, 311, 362, 366, 372, 377, 381, 385, 388, 390],
     405.05,
     <__main__.DQNAgent at 0x7f3168c3bfd0>]]],
  [[0.9, 0.85],
   [[521.9183268547058,
     [350, 382, 388, 428, 448, 456, 482, 564, 567, 571],
     206.84,
     <__main__.DQNAgent at 0x7f3168b786a0>],
    [407.1699104309082,
     [348, 373, 399, 429, 431, 434, 437, 438, 444, 448],
     492.5,
     <__main__.DQNAgent at 0x7f3168acf0b8>],
    [191.80705904960632,
     [203, 218, 230, 232, 236, 237, 250, 251, 254, 255],
     444.28,
     <__main__.DQNAgent at 0x7f3168aaee10>]]],
  [[0.95, 0.85],
   [[420.49794697761536,
     [358, 371, 375, 424, 426, 429, 440, 444, 447, 476],
     397.57,
     <__main__.DQNAgent at 0x7f31689eb4a8>],
    [183.00551176071167,
     [239, 240, 242, 247, 249, 250, 254, 255, 258, 259],
     495.97,
     <__main__.DQNAgent at 0x7f316890ea58>],
    [206.2217800617218,
     [327, 329, 336, 339, 344, 345, 346, 350, 351, 352],
     498.06,
     <__main__.DQNAgent at 0x7f31688a6f60>]]],
  [[0.98, 0.85],
   [[538.6311731338501,
     [417, 421, 426, 428, 433, 443, 444, 450, 451, 452],
     309.11,
     <__main__.DQNAgent at 0x7f31687e3320>],
    [364.6319320201874,
     [381, 382, 387, 388, 389, 390, 391, 393, 395, 396],
     488.97,
     <__main__.DQNAgent at 0x7f31687048d0>],
    [332.863685131073,
     [316, 338, 352, 354, 364, 366, 369, 372, 374, 379],
     457.77,
     <__main__.DQNAgent at 0x7f316869ddd8>]]],
  [[0.985, 0.85],
   [[479.0270507335663,
     [226, 337, 343, 359, 371, 380, 381, 385, 404, 412],
     283.03,
     <__main__.DQNAgent at 0x7f31685babe0>],
    [196.19417595863342,
     [225, 239, 240, 241, 251, 253, 254, 259, 260, 261],
     499.0,
     <__main__.DQNAgent at 0x7f3168704d68>],
    [354.8706192970276,
     [261, 308, 313, 314, 320, 324, 325, 327, 328, 329],
     377.81,
     <__main__.DQNAgent at 0x7f316844e0f0>]]],
  [[0.99, 0.85],
   [[251.4597508907318,
     [199, 213, 219, 226, 227, 228, 229, 230, 231, 233],
     499.0,
     <__main__.DQNAgent at 0x7f31683cfd30>],
    [352.6172306537628,
     [281, 290, 294, 300, 302, 307, 318, 334, 338, 348],
     441.17,
     <__main__.DQNAgent at 0x7f316836d630>],
    [1431.2492716312408,
     [319, 451, 511, 519, 547, 879, 880, 881, 882, 884],
     490.52,
     <__main__.DQNAgent at 0x7f31682460f0>]]],
  [[0.995, 0.85],
   [[186.44226694107056,
     [198, 200, 206, 208, 212, 214, 215, 217, 218, 219],
     499.0,
     <__main__.DQNAgent at 0x7f3168225cf8>],
    [268.0182247161865,
     [258, 275, 285, 288, 289, 291, 300, 301, 303, 304],
     494.04,
     <__main__.DQNAgent at 0x7f3168161438>],
    [1035.6001551151276,
     [299, 300, 303, 327, 520, 684, 686, 730, 737, 747],
     370.01,
     <__main__.DQNAgent at 0x7f31680839e8>]]]],
 [[[0.5, 0.9],
   [[1109.319527387619,
     [391, 418],
     132.63,
     <__main__.DQNAgent at 0x7f315bfe7eb8>],
    [1128.8766844272614,
     [252, 583, 594, 598, 641, 800, 851, 861, 868],
     227.4,
     <__main__.DQNAgent at 0x7f315bf252b0>],
    [349.767142534256,
     [235, 236, 237, 268, 271, 276, 284, 285, 286, 287],
     496.48,
     <__main__.DQNAgent at 0x7f315be44860>]]],
  [[0.7, 0.9],
   [[295.43710231781006,
     [261, 270, 284, 294, 302, 305, 306, 310, 314, 315],
     472.79,
     <__main__.DQNAgent at 0x7f315bddfda0>],
    [781.2983191013336,
     [312, 333, 347, 348, 367, 392, 407, 418, 436, 533],
     486.6,
     <__main__.DQNAgent at 0x7f315bd7ab70>],
    [420.5873758792877,
     [349, 358, 363, 368, 369, 370, 372, 373, 374, 378],
     458.42,
     <__main__.DQNAgent at 0x7f315bcb8748>]]],
  [[0.8, 0.9],
   [[384.039430141449,
     [378, 395, 407, 417, 419, 421, 422, 435, 436, 437],
     499.0,
     <__main__.DQNAgent at 0x7f315bb8c080>],
    [803.1308963298798,
     [242, 243, 244, 275, 351, 352, 357, 366, 442, 472],
     417.11,
     <__main__.DQNAgent at 0x7f315bb0ecc0>],
    [1682.2694191932678, [], 109.17, <__main__.DQNAgent at 0x7f315baaf5c0>]]],
  [[0.9, 0.9],
   [[1069.989087820053,
     [240, 241, 271, 295, 296, 297, 303, 340, 597, 604],
     312.71,
     <__main__.DQNAgent at 0x7f315b9cdac8>],
    [582.0459809303284,
     [269, 276, 282, 288, 289, 307, 310, 334, 342, 353],
     390.84,
     <__main__.DQNAgent at 0x7f315b964fd0>],
    [382.9355387687683,
     [255, 258, 266, 267, 297, 299, 300, 301, 303, 304],
     499.0,
     <__main__.DQNAgent at 0x7f315b8a53c8>]]],
  [[0.95, 0.9],
   [[419.24642634391785,
     [261, 263, 270, 281, 282, 283, 284, 285, 291, 292],
     499.0,
     <__main__.DQNAgent at 0x7f315b7e1be0>],
    [466.7147650718689,
     [231, 241, 245, 274, 276, 277, 278, 283, 285, 288],
     497.06,
     <__main__.DQNAgent at 0x7f315b75de80>],
    [762.0529925823212,
     [383, 596, 597, 603, 604, 605, 606, 607, 608, 609],
     496.88,
     <__main__.DQNAgent at 0x7f315b69a278>]]],
  [[0.98, 0.9],
   [[814.6902720928192,
     [239, 249, 286, 326, 334, 338, 363, 370, 386, 457],
     493.56,
     <__main__.DQNAgent at 0x7f315b63b828>],
    [649.5024888515472,
     [355, 480, 481, 482, 483, 485, 486, 489, 492, 493],
     421.89,
     <__main__.DQNAgent at 0x7f315b50d160>],
    [416.28323197364807,
     [306, 325, 329, 353, 357, 362, 365, 371, 402, 414],
     445.38,
     <__main__.DQNAgent at 0x7f315b490da0>]]],
  [[0.985, 0.9],
   [[576.5401675701141,
     [303, 357, 358, 389, 390, 395, 405, 436, 437, 438],
     440.64,
     <__main__.DQNAgent at 0x7f315b4306a0>],
    [256.41807222366333,
     [223, 230, 231, 243, 244, 245, 255, 259, 279, 280],
     499.0,
     <__main__.DQNAgent at 0x7f315b3040b8>],
    [578.1713256835938,
     [303, 311, 313, 320, 396, 455, 468, 470, 472, 492],
     405.39,
     <__main__.DQNAgent at 0x7f315b2e6eb8>]]],
  [[0.99, 0.9],
   [[296.9571096897125,
     [194, 240, 250, 259, 262, 263, 264, 265, 266, 267],
     495.05,
     <__main__.DQNAgent at 0x7f315b2214a8>],
    [371.08799719810486,
     [261, 265, 266, 296, 297, 298, 299, 300, 312, 363],
     460.37,
     <__main__.DQNAgent at 0x7f315b143a58>],
    [276.74083709716797,
     [303, 304, 309, 314, 315, 316, 317, 318, 321, 322],
     499.0,
     <__main__.DQNAgent at 0x7f315b0dbf28>]]],
  [[0.995, 0.9],
   [[350.6170868873596,
     [177, 180, 247, 280, 308, 315, 318, 320, 321, 322],
     498.91,
     <__main__.DQNAgent at 0x7f315b01a320>],
    [883.9758839607239,
     [560, 569, 575, 579, 590, 601, 636, 650, 651, 654],
     403.2,
     <__main__.DQNAgent at 0x7f315afb78d0>],
    [624.2441380023956,
     [278, 288, 289, 290, 295, 298, 312, 372, 374, 375],
     499.0,
     <__main__.DQNAgent at 0x7f315aed1e10>]]]],
 [[[0.5, 0.95],
   [[745.3371925354004,
     [317, 328, 337, 340, 352, 416, 419, 422, 430, 464],
     468.81,
     <__main__.DQNAgent at 0x7f315ae6fbe0>],
    [452.2474675178528,
     [349, 357, 360, 361, 362, 363, 365, 368, 369, 370],
     499.0,
     <__main__.DQNAgent at 0x7f315adb07b8>],
    [340.92225193977356,
     [289, 292, 293, 299, 302, 304, 306, 307, 318, 320],
     447.98,
     <__main__.DQNAgent at 0x7f315ac840f0>]]],
  [[0.7, 0.95],
   [[256.28724789619446,
     [251, 257, 260, 261, 262, 263, 264, 265, 266, 267],
     499.0,
     <__main__.DQNAgent at 0x7f315ac04d30>],
    [455.63246631622314,
     [248, 250, 253, 279, 282, 284, 286, 288, 294, 298],
     444.98,
     <__main__.DQNAgent at 0x7f315aba4630>],
    [392.4445879459381,
     [293, 304, 313, 316, 317, 321, 323, 325, 333, 334],
     443.3,
     <__main__.DQNAgent at 0x7f315aafa0f0>]]],
  [[0.8, 0.95],
   [[946.3154530525208,
     [277, 280, 403, 445, 460, 509, 512, 515, 516, 517],
     444.36,
     <__main__.DQNAgent at 0x7f315aa5bcf8>],
    [218.54860377311707,
     [209, 211, 214, 220, 226, 227, 228, 229, 230, 231],
     495.94,
     <__main__.DQNAgent at 0x7f315a999438>],
    [625.1461873054504,
     [392, 397, 398, 399, 401, 402, 403, 404, 415, 416],
     463.14,
     <__main__.DQNAgent at 0x7f315a9399b0>]]],
  [[0.9, 0.95],
   [[627.9375092983246,
     [258, 264, 320, 336, 341, 369, 387, 393, 417, 423],
     410.08,
     <__main__.DQNAgent at 0x7f315a854eb8>],
    [712.4243996143341,
     [304, 351, 375, 414, 421, 434, 445, 458, 463, 467],
     199.36,
     <__main__.DQNAgent at 0x7f315a78e2b0>],
    [287.9030499458313,
     [202, 208, 230, 233, 238, 239, 240, 241, 243, 246],
     499.0,
     <__main__.DQNAgent at 0x7f315a72e828>]]],
  [[0.95, 0.95],
   [[347.2923402786255,
     [212, 222, 231, 232, 258, 263, 268, 270, 280, 289],
     423.55,
     <__main__.DQNAgent at 0x7f315a648da0>],
    [398.37937211990356,
     [231, 238, 240, 241, 243, 244, 290, 291, 300, 303],
     495.39,
     <__main__.DQNAgent at 0x7f315a5e4b38>],
    [1350.4237840175629,
     [382, 388, 421, 424, 436, 531, 651, 721, 723, 725],
     450.21,
     <__main__.DQNAgent at 0x7f315a524710>]]],
  [[0.98, 0.95],
   [[423.6070854663849,
     [227, 228, 250, 251, 252, 253, 254, 310, 318, 319],
     453.35,
     <__main__.DQNAgent at 0x7f315a476080>],
    [978.1386334896088,
     [262, 368, 387, 429, 443, 444, 584, 586, 604, 605],
     411.3,
     <__main__.DQNAgent at 0x7f315a3d8f98>],
    [1796.2399563789368,
     [238, 247, 457, 485, 530, 590, 677, 746, 837, 921],
     201.52,
     <__main__.DQNAgent at 0x7f315a3155f8>]]],
  [[0.985, 0.95],
   [[628.461430311203,
     [248, 259, 261, 267, 271, 320, 331, 361, 389, 419],
     479.48,
     <__main__.DQNAgent at 0x7f315a2b7a90>],
    [1544.3249900341034,
     [470, 498],
     101.42,
     <__main__.DQNAgent at 0x7f315a1cff98>],
    [1075.4926965236664,
     [180, 228, 264, 281, 295, 296, 478, 491, 619, 628],
     232.64,
     <__main__.DQNAgent at 0x7f315a110320>]]],
  [[0.99, 0.95],
   [[618.8944034576416,
     [192, 352, 356, 358, 359, 361, 376, 384, 393, 402],
     446.76,
     <__main__.DQNAgent at 0x7f315a0b3898>],
    [258.88052558898926,
     [228, 231, 235, 237, 238, 239, 241, 242, 243, 245],
     471.68,
     <__main__.DQNAgent at 0x7f3159dcad30>],
    [1645.9640851020813,
     [366, 407, 448, 477],
     132.15,
     <__main__.DQNAgent at 0x7f3159d07d30>]]],
  [[0.995, 0.95],
   [[735.6031222343445,
     [276, 322, 332, 335, 372, 382, 402, 403, 441, 450],
     459.72,
     <__main__.DQNAgent at 0x7f3159ca65c0>],
    [388.4104609489441,
     [248, 323, 324, 326, 327, 328, 329, 330, 331, 333],
     499.0,
     <__main__.DQNAgent at 0x7f3159bc7a20>],
    [468.1346778869629,
     [209, 221, 228, 234, 236, 252, 265, 277, 278, 280],
     403.84,
     <__main__.DQNAgent at 0x7f3159b62eb8>]]]],
 [[[0.5, 1],
   [[390.6248080730438,
     [293, 295, 297, 298, 299, 301, 302, 304, 305, 306],
     483.22,
     <__main__.DQNAgent at 0x7f3159a9f278>],
    [1153.8066024780273,
     [260, 352, 365, 478, 479, 480, 595, 597, 600, 627],
     433.79,
     <__main__.DQNAgent at 0x7f3159a3f7b8>],
    [322.4719934463501,
     [321, 325, 338, 339, 340, 341, 342, 343, 344, 345],
     499.0,
     <__main__.DQNAgent at 0x7f3159957c18>]]],
  [[0.7, 1],
   [[854.6329715251923,
     [289, 291, 321, 332, 347, 409, 469, 493, 494, 499],
     476.59,
     <__main__.DQNAgent at 0x7f3159894eb8>],
    [629.7882311344147,
     [203, 220, 222, 228, 229, 243, 331, 358, 361, 377],
     219.8,
     <__main__.DQNAgent at 0x7f3159834400>],
    [634.3926362991333,
     [275, 292, 297, 307, 319, 321, 325, 332, 335, 353],
     296.06,
     <__main__.DQNAgent at 0x7f3159755940>]]],
  [[0.8, 1],
   [[697.5084519386292,
     [243, 250, 289, 290, 291, 389, 390, 391, 392, 394],
     481.75,
     <__main__.DQNAgent at 0x7f31596f1e10>],
    [632.4475383758545,
     [361, 362, 363, 365, 366, 367, 371, 373, 374, 377],
     479.52,
     <__main__.DQNAgent at 0x7f315960eb70>],
    [280.3927958011627,
     [253, 258, 265, 266, 269, 271, 272, 274, 275, 276],
     499.0,
     <__main__.DQNAgent at 0x7f315954c6d8>]]],
  [[0.9, 1],
   [[466.5787584781647,
     [244, 272, 293, 296, 299, 301, 302, 317, 318, 328],
     499.0,
     <__main__.DQNAgent at 0x7f31594eab00>],
    [914.9374067783356,
     [300, 303, 312, 319, 337, 341, 365, 453, 468, 487],
     298.32,
     <__main__.DQNAgent at 0x7f3159404f98>],
    [598.3606514930725,
     [261, 353, 360, 361, 362, 365, 367, 368, 369, 375],
     471.94,
     <__main__.DQNAgent at 0x7f3159343320>]]],
  [[0.95, 1],
   [[906.0210664272308,
     [235, 251, 395, 418, 429, 490, 498, 530, 531, 532],
     499.0,
     <__main__.DQNAgent at 0x7f31592e4898>],
    [321.67657589912415,
     [259, 268, 271, 275, 277, 279, 280, 281, 282, 283],
     499.0,
     <__main__.DQNAgent at 0x7f315927ed30>],
    [505.2258107662201,
     [201, 210, 220, 222, 223, 226, 277, 280, 282, 283],
     497.85,
     <__main__.DQNAgent at 0x7f31591bdd30>]]],
  [[0.98, 1],
   [[2172.700832605362,
     [268, 290, 441, 442, 443, 539, 841, 843, 845, 976],
     401.32,
     <__main__.DQNAgent at 0x7f31590dc5c0>],
    [261.181095123291,
     [215, 216, 220, 222, 224, 225, 226, 227, 228, 229],
     499.0,
     <__main__.DQNAgent at 0x7f315907ca20>],
    [917.732323884964,
     [381, 383, 386, 393, 396, 434, 451, 469, 504, 507],
     333.62,
     <__main__.DQNAgent at 0x7f3158f98ef0>]]],
  [[0.985, 1],
   [[850.0494513511658,
     [298, 385, 387, 388, 389, 421, 442, 445, 449, 450],
     498.17,
     <__main__.DQNAgent at 0x7f3158ed5278>],
    [973.5717866420746,
     [271, 312, 323, 330, 339, 348, 425, 433, 435, 520],
     478.64,
     <__main__.DQNAgent at 0x7f3158e767b8>],
    [1798.1592464447021,
     [268, 399, 403, 920, 921, 922, 923, 924, 925, 926],
     465.68,
     <__main__.DQNAgent at 0x7f3158d8dbe0>]]],
  [[0.99, 1],
   [[327.7136480808258,
     [248, 249, 251, 254, 255, 272, 273, 275, 276, 282],
     457.59,
     <__main__.DQNAgent at 0x7f3158ccaeb8>],
    [574.0348560810089,
     [246, 271, 272, 273, 274, 305, 321, 329, 330, 335],
     469.46,
     <__main__.DQNAgent at 0x7f3158c6a400>],
    [1699.3552207946777,
     [264, 300, 305, 313, 314, 349, 350, 654, 655, 656],
     472.03,
     <__main__.DQNAgent at 0x7f3158b8b978>]]],
  [[0.995, 1],
   [[1352.6607477664948,
     [350, 440, 441, 546, 568, 573, 575, 577, 578, 583],
     408.55,
     <__main__.DQNAgent at 0x7f3158b24e10>],
    [375.9098119735718,
     [248, 257, 262, 265, 267, 268, 269, 271, 272, 273],
     499.0,
     <__main__.DQNAgent at 0x7f3158a41b70>],
    [2382.9694776535034,
     [454, 722, 743, 744, 745, 746, 802, 824, 825, 827],
     477.83,
     <__main__.DQNAgent at 0x7f31589806a0>]]]]]

